# Frame list with one line of data per frame:
#   FRAME_ID, RIG_ID, RIG_FROM_WORLD[QW, QX, QY, QZ, TX, TY, TZ], NUM_DATA_IDS, DATA_IDS[] as (SENSOR_TYPE, SENSOR_ID, DATA_ID)
# Number of frames: 100
1 1 0.015264420141116061 -0.001714114990410438 0.54809656045762112 0.83627400994057 -0.11855304882409141 -1.439576406363642 2.0112874575821973 1 CAMERA 1 1
2 1 0.15243996533759549 -0.065189123664961143 0.71216373530273192 0.68215485723061997 0.055640054411242167 -2.3045985829462339 2.8729936803073493 1 CAMERA 1 2
3 1 0.64520169220853951 -0.16455028210530792 0.44773287732181921 0.59680252311415827 0.54508062298213167 -1.9559602586909099 2.5060464619780114 1 CAMERA 1 3
4 1 0.96907010476301658 0.15024525792620955 0.045109272811949541 0.19051154304046861 0.34519341196631559 -0.69762284294473076 1.7131838442041671 1 CAMERA 1 4
5 1 -0.22995110410902514 0.093920504228864693 0.68066760835614371 0.68919738503505901 -0.38710949368917397 -2.2778792603168116 2.8818754271336959 1 CAMERA 1 5
6 1 0.6597761078731712 -0.2611513502344841 0.49086624254550221 0.5055153723475635 0.5656098738935178 -2.3774827732135035 3.1196961736288382 1 CAMERA 1 6
7 1 0.94232631912542497 -0.29694875636892143 0.098542141672110173 0.11887804965237567 0.30247024428844349 -2.5159327995932061 3.317274307394515 1 CAMERA 1 7
8 1 -0.034123777987263085 -0.0033445443278475725 0.23936110272051911 0.97032501993070974 -0.1788618636776223 0.31255622472098588 1.6237978528306054 1 CAMERA 1 8
9 1 -0.41655662507237751 0.092232081204056932 0.51883680087898099 0.74079834999731464 -0.51964821104757686 -1.7893745389438354 2.3343626136366447 1 CAMERA 1 9
10 1 0.32076748131684074 -0.16224041369908343 0.71018014941511431 0.60533497046604412 0.27588488348033485 -2.4749614048640383 3.2169393736184175 1 CAMERA 1 10
11 1 0.83989927935729569 -0.37416830647861554 0.28493585390528037 0.27088528590768629 0.5026478113512447 -2.6112546244684625 3.7187634080012177 1 CAMERA 1 11
12 1 0.92317417190150519 0.051601627197834427 0.1253589587949806 0.35968298799685289 0.495540766167056 -1.0368642209948677 1.8553668665697838 1 CAMERA 1 12
13 1 0.058995719697647886 -0.018915875509514343 0.66252447915637536 0.74647371636892801 -0.066453123223854979 -2.0385220915894471 2.5199712655833664 1 CAMERA 1 13
14 1 0.5451810610978316 -0.13510454191926408 0.49295937995432743 0.66446626933808561 0.47231457314158226 -1.8486693880063836 2.3805989650732702 1 CAMERA 1 14
15 1 0.58779349811627424 -0.33274217676752943 -0.58216362562405222 -0.45262231537176589 -0.57014810727192822 -2.6504209764379674 4.0171883567503412 1 CAMERA 1 15
16 1 -0.1074870334654569 0.055381535564261924 0.75230416123744259 0.64762479271578866 -0.26731886442262376 -2.4616023800458042 3.1846775438733963 1 CAMERA 1 16
17 1 0.98905304231095215 0.12932435269254627 0.016710096036645885 0.069065649830794718 0.21935322501209525 -0.89068522373818138 1.7588533934936452 1 CAMERA 1 17
18 1 0.73933375506026411 -0.35372617129411682 -0.42760084892026556 -0.38134093456218771 -0.47900722865038697 -2.650205658500282 3.8890111734135329 1 CAMERA 1 18
19 1 0.60978555712204285 -0.1930887211707725 -0.49574784663133942 -0.58746267340349856 -0.577258622084866 -2.267891229220627 2.9240247573958609 1 CAMERA 1 19
20 1 0.40821699265122907 -0.080425701979197156 0.50584330429861646 0.75565411721778974 0.3388917388463466 -1.5550239569319806 2.1110503257715014 1 CAMERA 1 20
21 1 0.51896683377064567 -0.24071132063592279 -0.60480346528959605 -0.55402549935673329 -0.57187103963317398 -2.5194655378645128 3.4493986783458013 1 CAMERA 1 21
22 1 0.07935447053841363 -0.022816448906455525 0.63471172535977005 0.76832499852321023 -0.042337535274434207 -1.9040609919074618 2.3784587148461829 1 CAMERA 1 22
23 1 0.8535916989909238 -0.42712641608348678 -0.22669874771744605 -0.19378316201570825 -0.20502948415046865 -2.7179426915344513 4.1954225659591309 1 CAMERA 1 23
24 1 0.38453607414199381 -0.16125957624762977 0.64763169634488749 0.63773077598728256 0.33679497438911538 -2.3039160789751212 2.9091883782512684 1 CAMERA 1 24
25 1 -0.060984860787918004 0.0163502623452664 0.59223415107173683 0.80328838282416271 -0.20632811649488647 -1.7012524179383635 2.2059810037488932 1 CAMERA 1 25
26 1 0.87733333514121947 -0.40908619108753508 -0.18625773872304061 -0.1680558302388139 -0.15126143531457661 -2.7116474079258333 4.0603679950955591 1 CAMERA 1 26
27 1 0.85980375686741939 -0.48842072572896189 -0.11870524546744955 -0.089954205313472355 -0.03206757877042142 -2.7219060019561017 4.5165771142791931 1 CAMERA 1 27
28 1 0.31134523777255119 -0.067637916830419864 0.54447007384732793 0.77591339323914232 0.23014790165747939 -1.6078978999735007 2.1451107629124588 1 CAMERA 1 28
29 1 -0.060290375817811291 0.033485938797928404 0.76926757762261166 0.6351937944479682 -0.21236770739977284 -2.5023478166383306 3.2639002450569201 1 CAMERA 1 29
30 1 0.20043517002130831 0.0046643005189054678 0.36349271606803585 0.90976757047318457 0.091795026945499431 -0.42066671532706018 1.6305213699322669 1 CAMERA 1 30
31 1 0.53546931925700669 -0.14919337480275466 0.51435889134802948 0.65303053216570883 0.46701333924924715 -1.9544620741061494 2.484445883894455 1 CAMERA 1 31
32 1 0.26930474196552351 0.043219144671836247 0.2322918825313704 0.93362066322396164 0.1725181882370703 0.30045860212833103 1.6222230572583298 1 CAMERA 1 32
33 1 0.57076825663588548 -0.054530764437150214 -0.38578502524364894 -0.72278621129936438 -0.57195674787020401 -1.4156005392151019 2.0658208325083272 1 CAMERA 1 33
34 1 0.99971143221560277 0.023920144421759423 -0.0021808439602843252 0.00035058221774091791 0.14159101950496378 -1.4354122500660698 2.0132908851424527 1 CAMERA 1 34
35 1 0.99734918004183526 -0.042828198553575683 0.023830481484124155 0.053781657010261698 0.20235134273335037 -1.7137271001324426 2.214385163848835 1 CAMERA 1 35
36 1 -0.17667963223981645 0.025359374653878695 0.49967323419415266 0.84762483959516122 -0.32373455244480243 -1.2808561419727222 1.9409411695842065 1 CAMERA 1 36
37 1 -0.12325027905840058 0.041615871237349659 0.64644853612961772 0.75178572619401141 -0.27724222232684775 -2.0148527979587243 2.5150057858752022 1 CAMERA 1 37
38 1 0.98532031442858936 -0.11174262097562514 -0.064247424666732569 -0.1119362901633606 -0.0086267811621319832 -2.0208715396676875 2.4942253923802533 1 CAMERA 1 38
39 1 0.31088184750139525 -0.16076482050569782 0.71802528525929976 0.60162017844333593 0.26647946714522414 -2.4918171053983764 3.2539314709364802 1 CAMERA 1 39
40 1 0.8963748078238043 -0.19951447314496709 0.22673366963197472 0.32449656694600471 0.50591699179128802 -2.1653261342989736 2.7482537598215422 1 CAMERA 1 40
41 1 0.53001413826356547 -0.11585599533073487 -0.48079866810224103 -0.68883600540169665 -0.56714202432174599 -1.8810175787953425 2.4342120102137499 1 CAMERA 1 41
42 1 0.48595197123134626 -0.16981860380895322 0.57280285642708717 0.63789435733961186 0.43220505306213303 -2.1545450355357181 2.7102193985346243 1 CAMERA 1 42
43 1 0.55571683828520702 -0.11413596185621995 0.46383435148956415 0.68044799377741139 0.4757022697671075 -1.6908585438049117 2.2467669219374655 1 CAMERA 1 43
44 1 0.77468145076438444 -0.060855690961288254 -0.28803628982087504 -0.55964303843203289 -0.51726709054698727 -1.6100844179488256 2.1845671383640748 1 CAMERA 1 44
45 1 -0.10375955115308966 -0.0015777494881089385 0.35143453454478468 0.93044356850931742 -0.25383143492925669 -0.36329697966136737 1.6350562444414096 1 CAMERA 1 45
46 1 0.90208064685778644 -0.28002978137959417 0.20938007379520518 0.25296998399543141 0.45843317653792687 -2.4321021233099125 3.1779845375389666 1 CAMERA 1 46
47 1 0.35217359868061116 -0.11546344902332195 0.60733315479830574 0.70270078085535381 0.28902544585400769 -2.0303083230061554 2.5316631238928538 1 CAMERA 1 47
48 1 0.79860305071581628 -0.44769961558034599 0.31578863172823385 0.24915007860286037 0.50776793885851768 -2.677568227239238 4.1944414544440187 1 CAMERA 1 48
49 1 -0.050365983415372538 0.0036634743757789643 0.43271238289714803 0.90011657042717119 -0.19146536418211574 -0.80304859406058204 1.7285526247725083 1 CAMERA 1 49
50 1 0.70632394296240608 -0.010870336933355819 -0.28272369124764946 -0.64888800095262877 -0.56030951551674335 -1.2206925998823999 1.9523532728802213 1 CAMERA 1 50
51 1 0.46326848638074802 0.0090525282559082414 0.32850011839618831 0.82303586402559448 0.37741406239077335 -0.54670672047993485 1.6831744885802038 1 CAMERA 1 51
52 1 0.65781574961055767 -0.17349862797836679 -0.44560667596400688 -0.58190321874881645 -0.56772268621966793 -2.1618565214994998 2.7612466258995174 1 CAMERA 1 52
53 1 0.77698472645005834 -0.38726214525278913 -0.37583777843059529 -0.32414307029750061 -0.41319488438453189 -2.6835248143153101 4.0551522927842027 1 CAMERA 1 53
54 1 0.70261336629221161 0.1335314310053089 0.14442699172835957 0.68384549314994936 0.56204956655098226 0.063248013246717624 1.6586843521077241 1 CAMERA 1 54
55 1 -0.31259977779148113 0.15738547666992111 0.70978596595814036 0.61132239709253933 -0.46854938697572335 -2.5039271896942732 3.3487462728026962 1 CAMERA 1 55
56 1 0.73824335119964679 -0.36066450829286861 0.42744879291384663 0.37710130774617295 0.57515378984903198 -2.5895540165594446 3.6934404106130545 1 CAMERA 1 56
57 1 0.77690754038563936 0.029581212769506263 -0.22062208420539475 -0.58895290261946165 -0.51815927742844081 -1.0718615820304154 1.8734585993807458 1 CAMERA 1 57
58 1 0.45879262067028886 -0.20028550455085689 0.62557000563962739 0.59837882309564883 0.41819803565392433 -2.3696842196736729 3.0445547329729026 1 CAMERA 1 58
59 1 0.99037889933983336 -0.089223269060538887 -0.050830243278948167 -0.092763841925471019 0.018698868835863264 -1.9340047178765274 2.4030911246126707 1 CAMERA 1 59
60 1 0.90111459442518471 -0.26269088063278079 -0.21779907631675338 -0.26748747877588214 -0.2557857366464184 -2.4828979291985016 3.2242938826240621 1 CAMERA 1 60
61 1 0.85665343085515089 -0.13327698818140904 -0.26094154900270822 -0.42460764457256162 -0.41517499077089831 -2.028902212862707 2.5500358249572188 1 CAMERA 1 61
62 1 0.16437166838797745 -0.020233895594264983 0.49516744322915912 0.85286678166424723 0.052843697617764619 -1.1742897841747419 1.8637635299259876 1 CAMERA 1 62
63 1 0.81200901812036497 0.086300769347947642 -0.16606493228749772 -0.55282544258156385 -0.47909267544638473 -0.79590831726455391 1.7601598807494794 1 CAMERA 1 63
64 1 0.95169809885963907 0.18730933474973227 0.047072953517182735 0.23868405642130899 0.38773149572111126 -0.4487368652441433 1.6643198504301866 1 CAMERA 1 64
65 1 0.96265983649181663 -0.26768028304657593 0.023890589585185657 0.032596702332078856 0.18285482764439984 -2.4739839475909204 3.1917735234389482 1 CAMERA 1 65
66 1 0.76910587486553372 -0.27019804919903728 -0.38852717853391916 -0.42955302233464615 -0.48111715938629601 -2.4905596106259802 3.3230583368189848 1 CAMERA 1 66
67 1 0.2406624342897343 -0.086761619765166983 0.65535782309548263 0.71067583170177806 0.15935674526650256 -2.1156414562478183 2.6192601838219405 1 CAMERA 1 67
68 1 0.24634304191805681 -0.056543049110511889 0.56601810106575645 0.78469197686847802 0.15614388489760531 -1.6461998457649714 2.1676137621387483 1 CAMERA 1 68
69 1 0.1959882403463799 -0.0078388485950189254 0.42080374455375613 0.88569259377516041 0.086700260648040844 -0.75732728097061242 1.7079783892561531 1 CAMERA 1 69
70 1 0.83322756741444737 -0.4650314052575738 0.23419857392506449 0.18608772392674111 0.43458823323574158 -2.6934521739465427 4.28741475155707 1 CAMERA 1 70
71 1 0.54777937864790649 -0.28326154060088532 -0.60306410062010796 -0.50597859884365326 -0.5747176596475998 -2.5996929558580559 3.7327541643769724 1 CAMERA 1 71
72 1 0.40372043240791339 -0.1180496073290434 0.56973653401162971 0.70602718395132735 0.34406308056083712 -1.924471770087236 2.4303311915798402 1 CAMERA 1 72
73 1 -0.03658993158556733 0.020351626493303784 0.76232244389656423 0.64584168318343327 -0.18268992280615493 -2.4715685861212386 3.1911608312352744 1 CAMERA 1 73
74 1 0.90446666383852237 -0.35873011945284122 0.1601937661562288 0.16610452337864656 0.37534755934804437 -2.6140503693470483 3.6417039580080917 1 CAMERA 1 74
75 1 0.99418939813816443 0.030293977455928319 0.034782085595105039 0.097262130766444174 0.25492169839360446 -1.3670918791175066 1.9831642403065701 1 CAMERA 1 75
76 1 0.79598819127234977 -0.16274011225115001 -0.32857391280663212 -0.48161980756858008 -0.48474235986779224 -2.1245166135939875 2.6833589762660779 1 CAMERA 1 76
77 1 0.55850407669109081 0.017377136456520885 0.2965156556587758 0.77449964325185461 0.46721896471914115 -0.56392241968445911 1.7030494853784024 1 CAMERA 1 77
78 1 0.9158185072531787 -0.33539615534093675 0.14883241645551437 0.16320169290509878 0.36761979992753158 -2.5771793256406257 3.5094465408722799 1 CAMERA 1 78
79 1 -0.042037180255306672 0.017023841002762663 0.68137568728929743 0.73052736915514205 -0.1866357953692441 -2.1376098175627183 2.6488062130691343 1 CAMERA 1 79
80 1 0.84446896337212818 -0.3309466956514367 -0.29352646572361457 -0.30197461558614908 -0.33873447357656933 -2.6191219189460062 3.6401986341343386 1 CAMERA 1 80
81 1 0.95787972160748047 0.0074415187265993504 -0.10998554458438908 -0.26516832901893272 -0.19113395549024725 -1.4927308532507153 2.0505205681503722 1 CAMERA 1 81
82 1 0.21762894799136362 -0.026012619466827917 0.4856241213079947 0.84624476212765098 0.1143862761024966 -1.15678950797983 1.8575901654628961 1 CAMERA 1 82
83 1 0.92968661705724942 -0.05062787265467035 0.15647246024464279 0.32959972961168921 0.48876330356647718 -1.5660860366164884 2.1506692987024936 1 CAMERA 1 83
84 1 0.91392228708077372 -0.082090285402261931 -0.18635620086902654 -0.35111053048475521 -0.31365269042764532 -1.8532623654269822 2.3489349419186993 1 CAMERA 1 84
85 1 0.22733573595961232 -0.060701172358174862 0.59660674895403631 0.76726411224072 0.13544802986103868 -1.7937101802308113 2.2895933937367401 1 CAMERA 1 85
86 1 0.19365695878115927 -0.063884363112286111 0.64596074247777668 0.73562931537760878 0.098494210320842282 -2.0210858521767845 2.5094975902330336 1 CAMERA 1 86
87 1 0.95781645050531317 -0.19884031888835998 -0.11839591569794905 -0.17038950047412743 -0.10064383968550786 -2.3147960205621629 2.8842093101974853 1 CAMERA 1 87
88 1 0.80939484126477645 -0.15164296936144339 0.30903161005450808 0.47579813446915703 0.58126959130599898 -1.8974756784123938 2.4509413109273388 1 CAMERA 1 88
89 1 0.36016617461079753 -0.13818378969190012 0.63746758543646309 0.66694875698993161 0.30413610844562966 -2.2041650718839563 2.752678956925811 1 CAMERA 1 89
90 1 -0.061515649460134249 0.026441896670974203 0.70363621631870676 0.70739856237953569 -0.20964016092119533 -2.2450822259761822 2.7958557727043338 1 CAMERA 1 90
91 1 0.39238579507504812 -0.1994479192490046 0.68404403634990496 0.5816680081151917 0.36057645577902953 -2.4906362828703577 3.2764981781561837 1 CAMERA 1 91
92 1 0.60154195457713322 -0.25884233520334732 0.54299306185700114 0.52564860616685682 0.53599669860025467 -2.4184736225265935 3.1887289698763008 1 CAMERA 1 92
93 1 -0.43701469526035264 0.13046859129889521 0.56137159275707871 0.69054908417603711 -0.53633952275537022 -2.0752207963389289 2.6391746674911913 1 CAMERA 1 93
94 1 0.74392550215303821 -0.37093079844641941 -0.4209452474002458 -0.36302932209588501 -0.46479824785011914 -2.6683551266246877 3.9951561992465638 1 CAMERA 1 94
95 1 0.40017652248085922 -0.19366919306470098 0.67123721220620591 0.59312022344751913 0.36377529516399226 -2.4499647945481664 3.1865696989405436 1 CAMERA 1 95
96 1 0.53964439190699254 -0.26686819016039703 -0.60225982372624376 -0.5242598631299944 -0.57461403623999474 -2.571076500749887 3.6183481574004808 1 CAMERA 1 96
97 1 0.99323678836825002 0.11137723305164818 0.0068138604988360876 0.032083726323252598 0.17999222743351534 -0.99889053863878841 1.7970899205196944 1 CAMERA 1 97
98 1 0.68835291386498021 0.098331256165360842 0.18070328026893956 0.69559151413353115 0.55448161149080566 -0.1508296795914979 1.6617336910555673 1 CAMERA 1 98
99 1 -0.45894615308268882 0.24585730246493509 0.66204452725295182 0.53909151294532742 -0.55763932069056033 -2.5909592409289668 3.6795633387447602 1 CAMERA 1 99
100 1 0.98284449484434688 -0.18239662897399708 -0.016245334598732709 -0.022005858239521284 0.10801727170976295 -2.251761947500452 2.7906145337720707 1 CAMERA 1 100
